808.0
920.0
1080.0
1240.0
1224.0
1216.0
1248.0
1264.0
1344.0
1440.0
1312.0
1408.0
1400.0
1488.0
1488.0
1520.0
1344.0
1456.0
1464.0
1392.0
1472.0
1480.0
1352.0
1408.0
1400.0
1344.0
1528.0
1368.0
1392.0
1480.0
1320.0
1392.0
1408.0
1464.0
1520.0
1472.0
1480.0
1472.0
1472.0
1448.0
1488.0
1376.0
1432.0
1528.0
1472.0
1520.0
1504.0
1448.0
1440.0
1392.0
1480.0
1336.0
1592.0
1456.0
1432.0
1584.0
1464.0
1440.0
1488.0
1496.0
1456.0
1392.0
1536.0
1488.0
1472.0
1416.0
1464.0
1512.0
1480.0
1440.0
1496.0
1384.0
1480.0
1480.0
1616.0
1432.0
1440.0
1536.0
1536.0
1464.0
1456.0
1496.0
1496.0
1440.0
1512.0
1432.0
1504.0
1520.0
1576.0
1384.0
1528.0
1416.0
1496.0
1528.0
1496.0
1592.0
1528.0
1536.0
1600.0
1472.0
1392.0
1456.0
1464.0
1560.0
1504.0
1440.0
1576.0
1464.0
1496.0
1392.0
1512.0
1456.0
1560.0
1472.0
1488.0
1352.0
1416.0
1400.0
1464.0
1456.0
1472.0
1464.0
1568.0
1472.0
1552.0
1576.0
1592.0
1464.0
1384.0
1576.0
1504.0
1464.0
1512.0
1472.0
1488.0
1608.0
1504.0
1448.0
1496.0
1480.0
1368.0
1560.0
1464.0
1336.0
1464.0
1480.0
1568.0
1472.0
1472.0
1480.0
1520.0
1496.0
1416.0
1392.0
1480.0
1424.0
1528.0
1416.0
1432.0
1392.0
1592.0
1552.0
1528.0
1464.0
1464.0
1536.0
1472.0
1504.0
1408.0
1488.0
1440.0
1536.0
1472.0
1480.0
1512.0
1496.0
1448.0
1464.0
1512.0
1536.0
1392.0
1480.0
1552.0
1600.0
1528.0
1560.0
1568.0
1488.0
1504.0
1368.0
1472.0
1512.0
1528.0
1464.0
1520.0
1488.0
1528.0
1456.0
1352.0
1624.0
1536.0
1520.0
1528.0
1616.0
1536.0
1520.0
1432.0
1480.0
1424.0
1560.0
