0.08
0.1
0.51
0.6
0.62
0.58
0.62
0.62
0.68
0.77
0.67
0.74
0.72
0.78
0.78
0.79
0.7
0.77
0.76
0.72
0.77
0.77
0.69
0.73
0.73
0.68
0.79
0.71
0.72
0.78
0.67
0.72
0.73
0.77
0.81
0.78
0.76
0.78
0.78
0.77
0.79
0.71
0.76
0.82
0.77
0.8
0.79
0.76
0.77
0.7
0.77
0.67
0.85
0.76
0.73
0.84
0.76
0.75
0.79
0.79
0.77
0.72
0.82
0.78
0.78
0.73
0.78
0.8
0.79
0.76
0.79
0.71
0.79
0.8
0.87
0.76
0.76
0.82
0.83
0.77
0.77
0.79
0.79
0.77
0.8
0.76
0.81
0.82
0.85
0.72
0.83
0.75
0.79
0.82
0.78
0.85
0.81
0.82
0.85
0.76
0.73
0.77
0.76
0.84
0.78
0.73
0.85
0.78
0.8
0.72
0.81
0.77
0.83
0.78
0.77
0.7
0.74
0.74
0.77
0.78
0.79
0.77
0.84
0.78
0.82
0.85
0.85
0.76
0.73
0.84
0.79
0.78
0.79
0.78
0.78
0.87
0.8
0.76
0.8
0.79
0.71
0.82
0.76
0.68
0.77
0.78
0.84
0.78
0.78
0.79
0.82
0.8
0.73
0.72
0.78
0.73
0.81
0.74
0.74
0.73
0.86
0.83
0.81
0.75
0.76
0.81
0.78
0.8
0.73
0.78
0.74
0.81
0.78
0.79
0.79
0.79
0.75
0.76
0.8
0.82
0.72
0.79
0.84
0.86
0.81
0.83
0.83
0.8
0.8
0.71
0.78
0.8
0.82
0.79
0.81
0.8
0.79
0.77
0.68
0.87
0.83
0.81
0.8
0.87
0.83
0.81
0.74
0.78
0.74
0.84
