2.0
2.414213562373095
5.0
4.0
5.242640687119285
8.242640687119286
3.82842712474619
10.242640687119284
5.414213562373095
2.414213562373095
2.414213562373095
5.242640687119285
7.82842712474619
2.0
1.4142135623730951
15.242640687119286
10.242640687119286
6.242640687119285
5.242640687119285
12.828427124746192
4.242640687119286
2.0
2.414213562373095
9.242640687119284
2.414213562373095
2.0
12.071067811865477
7.414213562373095
6.414213562373095
3.82842712474619
6.414213562373095
1.0
12.242640687119286
1.4142135623730951
7.82842712474619
3.0
3.82842712474619
6.656854249492381
3.414213562373095
5.414213562373095
5.0
1.0
1.4142135623730951
2.0
4.0
4.414213562373095
2.0
6.414213562373095
2.414213562373095
8.242640687119284
7.242640687119285
2.0
6.82842712474619
4.0
1.4142135623730951
11.656854249492381
4.414213562373095
8.414213562373096
2.414213562373095
1.0
2.414213562373095
2.0
5.414213562373095
1.0
4.414213562373095
12.071067811865476
2.414213562373095
1.0
14.071067811865477
2.414213562373095
10.656854249492381
1.4142135623730951
10.485281374238571
24.313708498984763
4.414213562373095
4.414213562373095
6.242640687119285
9.242640687119284
3.414213562373095
3.414213562373095
5.82842712474619
1.0
3.414213562373095
4.0
1.4142135623730951
3.414213562373095
2.414213562373095
4.0
1.4142135623730951
13.071067811865477
5.82842712474619
2.414213562373095
5.242640687119285
8.242640687119284
5.82842712474619
1.0
1.4142135623730951
2.0
3.414213562373095
