0.13109183311462402
0.0010609626770019531
0.002135038375854492
0.0016145706176757812
0.0018286705017089844
0.0025844573974609375
0.001516103744506836
0.004232168197631836
0.0021326541900634766
0.0014100074768066406
0.00113677978515625
0.0019497871398925781
0.0026352405548095703
0.0011289119720458984
0.0006558895111083984
0.005247592926025391
0.004077434539794922
0.002054452896118164
0.0018334388732910156
0.004458904266357422
0.0014507770538330078
0.000942230224609375
0.001138448715209961
0.0029196739196777344
0.001264810562133789
0.0010328292846679688
0.003961801528930664
0.003669261932373047
0.0025963783264160156
0.0015113353729248047
0.002239704132080078
0.0007305145263671875
0.003935575485229492
0.0006620883941650391
0.0026733875274658203
0.0023338794708251953
0.0028924942016601562
0.0031807422637939453
0.00157928466796875
0.0019867420196533203
0.0018389225006103516
0.0006415843963623047
0.0006284713745117188
0.0011076927185058594
0.0015377998352050781
0.0018639564514160156
0.0008726119995117188
0.0031020641326904297
0.0008628368377685547
0.003366708755493164
0.0021381378173828125
0.0009951591491699219
0.002187490463256836
0.0016546249389648438
0.0005052089691162109
0.003473997116088867
0.0015416145324707031
0.003123044967651367
0.0008330345153808594
0.0004937648773193359
0.0009503364562988281
0.0008611679077148438
0.002187490463256836
0.0007162094116210938
0.0017845630645751953
0.003522157669067383
0.0010592937469482422
0.0006062984466552734
0.004517316818237305
0.0011401176452636719
0.003230571746826172
0.0006186962127685547
0.002927541732788086
0.007953166961669922
0.0017316341400146484
0.0016777515411376953
0.0026574134826660156
0.002862691879272461
0.0016376972198486328
0.001268625259399414
0.00264739990234375
0.0005738735198974609
0.0019652843475341797
0.0016014575958251953
0.000579833984375
0.0013387203216552734
0.0009813308715820312
0.0018227100372314453
0.0005981922149658203
0.004126548767089844
0.0018591880798339844
0.0010619163513183594
0.0015881061553955078
0.0027074813842773438
0.002706766128540039
0.0005676746368408203
0.0005614757537841797
0.0010967254638671875
0.0012493133544921875
